// FileVersion 21
// Phunlet created by Algodoo v2.1.0

FileInfo -> {
    author = "TENAUL";
    version = 21
};
Scene.addPolygon {
    surfaces := [[[3.5000000, -3.4999990], [4.5000000, -3.4999990], [5.5000000, -3.4999990], [6.5000000, -3.4999990], [7.5000000, -3.4999990], [7.5000000, -2.2777772], [7.5000000, -1.0555551], [7.4999995, 0.16666721], [7.5000000, 1.3888890], [7.5000000, 2.6111116], [7.5000000, 3.8333335], [7.5000000, 5.0555553], [7.5000000, 6.2777772], [7.5000000, 7.4999990], [6.3333335, 7.4999990], [5.1666660, 7.4999990], [4.0000000, 7.4999990], [2.8333330, 7.4999990], [1.6666667, 7.4999990], [0.50000000, 7.4999990], [0.50000000, 6.4999990], [0.50000000, 5.4999990], [0.50000000, 4.4999990], [0.50000000, 3.4999990], [-0.50000000, 3.4999990], [-0.50000000, 4.4999990], [-0.50000000, 5.4999990], [-0.50000000, 6.4999990], [-0.50000000, 7.4999990], [-1.6666666, 7.4999990], [-2.8333333, 7.4999990], [-4.0000000, 7.4999990], [-5.1666665, 7.4999990], [-6.3333335, 7.4999990], [-7.5000000, 7.4999990], [-7.5000000, 6.2777772], [-7.5000000, 5.0555553], [-7.4999995, 3.8333328], [-7.5000000, 2.6111114], [-7.5000000, 1.3888887], [-7.5000000, 0.16666673], [-7.5000000, -1.0555552], [-7.5000000, -2.2777772], [-7.5000000, -3.4999990], [-6.5000000, -3.4999990], [-5.5000000, -3.4999990], [-4.5000000, -3.4999990], [-3.5000000, -3.4999990], [-3.5000000, -4.4999990], [-4.5000000, -4.4999990], [-5.5000000, -4.4999990], [-6.5000000, -4.4999990], [-7.5000000, -4.4999990], [-7.4999995, -5.4999990], [-7.5000000, -6.4999990], [-7.5000000, -7.4999990], [-6.3333335, -7.4999990], [-5.1666660, -7.4999986], [-4.0000000, -7.4999990], [-2.8333330, -7.4999990], [-1.6666667, -7.4999990], [-0.50000000, -7.4999990], [-0.50000000, -6.3333325], [-0.50000000, -5.1666651], [-0.50000000, -3.9999990], [-0.50000000, -2.8333321], [-0.50000000, -1.6666658], [-0.50000000, -0.49999905], [-1.5000000, -0.49999905], [-2.5000000, -0.49999905], [-3.5000000, -0.49999905], [-4.5000000, -0.49999905], [-4.5000000, 0.75000048], [-4.5000000, 2.0000000], [-4.5000000, 3.2499995], [-4.5000000, 4.4999990], [-3.5000000, 4.4999990], [-3.5000000, 3.4999995], [-3.5000000, 2.5000000], [-3.5000000, 1.5000005], [-3.5000000, 0.50000095], [-2.3333330, 0.50000095], [-1.1666665, 0.50000095], [-1.0141070e-008, 0.50000095], [1.1666669, 0.50000095], [2.3333330, 0.50000095], [3.5000000, 0.50000095], [3.5000000, 1.5000005], [3.5000000, 2.5000000], [3.5000000, 3.4999995], [3.5000000, 4.4999990], [4.5000000, 4.4999990], [4.5000000, 3.2499995], [4.5000000, 2.0000000], [4.5000000, 0.75000048], [4.5000000, -0.49999905], [3.5000000, -0.49999905], [2.5000000, -0.49999905], [1.5000000, -0.49999905], [0.50000000, -0.49999905], [0.50000000, -1.6666657], [0.50000000, -2.8333323], [0.50000000, -3.9999990], [0.50000000, -5.1666656], [0.50000000, -6.3333325], [0.50000000, -7.4999990], [1.6666666, -7.4999990], [2.8333333, -7.4999986], [4.0000000, -7.4999990], [5.1666665, -7.4999990], [6.3333335, -7.4999990], [7.5000000, -7.4999990], [7.4999995, -6.4999986], [7.5000000, -5.4999990], [7.5000000, -4.4999990], [6.5000000, -4.4999990], [5.5000000, -4.4999990], [4.5000000, -4.4999990], [3.5000000, -4.4999990]], [[-6.5000000, -5.4999990], [-5.5000000, -5.4999990], [-4.5000000, -5.4999990], [-3.5000000, -5.4999990], [-2.5000000, -5.4999990], [-2.5000000, -4.4999990], [-2.5000000, -3.4999990], [-2.5000000, -2.4999990], [-3.5000000, -2.4999990], [-4.5000000, -2.4999990], [-5.5000000, -2.4999990], [-6.5000000, -2.4999990], [-6.5000000, -1.2142849], [-6.5000000, 0.071428999], [-6.5000000, 1.3571430], [-6.5000000, 2.6428573], [-6.5000000, 3.9285715], [-6.5000000, 5.2142849], [-6.5000000, 6.4999990], [-5.2500000, 6.4999990], [-4.0000000, 6.4999990], [-2.7500000, 6.4999990], [-1.5000000, 6.4999990], [-1.5000000, 5.4999995], [-1.5000000, 4.5000000], [-1.5000000, 3.5000005], [-1.5000000, 2.5000010], [-0.49999994, 2.5000010], [0.50000000, 2.5000010], [1.5000000, 2.5000010], [1.5000000, 3.5000005], [1.5000000, 4.5000000], [1.5000000, 5.4999995], [1.5000000, 6.4999990], [2.7500000, 6.4999990], [4.0000000, 6.4999990], [5.2500000, 6.4999990], [6.5000000, 6.4999990], [6.5000000, 5.2142849], [6.5000000, 3.9285712], [6.5000000, 2.6428568], [6.5000000, 1.3571427], [6.5000000, 0.071428761], [6.5000000, -1.2142850], [6.5000000, -2.4999990], [5.5000000, -2.4999990], [4.5000000, -2.4999990], [3.5000000, -2.4999990], [2.5000000, -2.4999990], [2.5000000, -3.4999990], [2.5000000, -4.4999990], [2.5000000, -5.4999990], [3.5000000, -5.4999990], [4.5000000, -5.4999990], [5.5000000, -5.4999990], [6.5000000, -5.4999990], [6.5000000, -6.4999990], [5.2500000, -6.4999990], [4.0000000, -6.4999990], [2.7500000, -6.4999990], [1.5000000, -6.4999990], [1.5000000, -5.2499990], [1.5000000, -3.9999990], [1.5000000, -2.7499990], [1.5000000, -1.4999990], [2.5000000, -1.4999990], [3.5000000, -1.4999990], [4.5000000, -1.4999990], [5.5000000, -1.4999990], [5.4999995, -0.33333266], [5.5000000, 0.83333379], [5.5000000, 2.0000000], [5.5000000, 3.1666665], [5.5000000, 4.3333325], [5.5000000, 5.4999990], [4.5000000, 5.4999990], [3.5000000, 5.4999990], [2.5000000, 5.4999990], [2.5000000, 4.4999995], [2.5000000, 3.5000000], [2.5000000, 2.5000005], [2.5000000, 1.5000010], [1.2500000, 1.5000010], [-1.0141070e-008, 1.5000010], [-1.2500000, 1.5000010], [-2.5000000, 1.5000010], [-2.5000000, 2.5000005], [-2.5000000, 3.5000000], [-2.5000000, 4.4999995], [-2.5000000, 5.4999990], [-3.5000000, 5.4999990], [-4.5000000, 5.4999990], [-5.5000000, 5.4999990], [-5.4999995, 4.3333325], [-5.5000000, 3.1666660], [-5.5000000, 2.0000000], [-5.5000000, 0.83333349], [-5.5000000, -0.33333260], [-5.5000000, -1.4999990], [-4.5000000, -1.4999990], [-3.5000000, -1.4999990], [-2.5000000, -1.4999990], [-1.5000000, -1.4999990], [-1.5000000, -2.7499990], [-1.5000000, -3.9999990], [-1.5000000, -5.2499990], [-1.5000000, -6.4999990], [-2.7500000, -6.4999990], [-4.0000000, -6.4999990], [-5.2500000, -6.4999990], [-6.5000000, -6.4999990]]];
    inertiaMultiplier := 1.0000000;
    resources := [];
    timeToLive := +inf;
    textureClamped := [false, false];
    adhesion := 0.00000000;
    attractionType := 2;
    attraction := 0.00000000;
    texture := "";
    update := (e)=>{};
    controllerInvertX := false;
    controllerInvertY := false;
    showMomentum := false;
    vel := [0.00000000, 0.00000000];
    restitution := 0.50000000;
    onCollide := (e)=>{};
    killer := false;
    materialVelocity := 0.00000000;
    showForceArrows := false;
    controllerReverseXY := false;
    refractiveIndex := 1.5000000;
    textureMatrix := [1.0000000, 0.00000000, 0.00000000, 0.00000000, 1.0000000, 0.00000000, 0.00000000, 0.00000000, 1.0000000];
    immortal := false;
    area := 127.99998;
    collideSet := 1;
    drawBorder := false;
    reflectiveness := 1.0000000;
    friction := 0.50000000;
    entityID := 3732;
    velocityDamping := [0.00000000, 0.00000000, 0.00000000];
    onClick := (e)=>{};
    color := [0.24127568, 0.70498437, 0.41264409, 1.0000000];
    collideWater := true;
    onSpawn := (e)=>{};
    materialName := "";
    forceVertexDrawing := false;
    onHitByLaser := (e)=>{};
    pos := [1.6918230, 9.0082989];
    onDie := (e)=>{};
    density := 2.0000000;
    airFrictionMult := 1.0000000;
    controllerAcc := 11.000000;
    colorHSVA := [142.17363, 0.65775740, 0.70498437, 1.0000000];
    angvel := 0.00000000;
    heteroCollide := false;
    glued := true;
    onKey := (e)=>{};
    showVelocity := false;
    postStep := (e)=>{};
    opaqueBorders := true;
    geomID := 100312;
    body := 0;
    edgeBlur := 0.00000000;
    angle := 0.00000000;
    zDepth := 1.0000000;
    layer := 0;
    polyMeshResolution := [128, 128]
}
