// FileVersion 21
// Phunlet created by Algodoo v2.1.0

FileInfo -> {
    author = "TENAUL";
    version = 21
};
Scene.addPolygon {
    surfaces := [[[7.5000000, 11.500000], [7.5000000, 13.500000], [7.5000000, 15.500000], [5.1666660, 15.500000], [2.8333330, 15.500000], [0.50000000, 15.500000], [0.50000000, 13.300000], [0.50000000, 11.100000], [0.50000000, 8.8999996], [0.50000000, 6.6999998], [0.50000000, 4.5000000], [2.5000000, 4.5000000], [4.5000000, 4.5000000], [4.5000000, 3.5000000], [2.2500000, 3.5000000], [0.00000000, 3.5000000], [-2.2500000, 3.5000000], [-4.5000000, 3.5000000], [-4.5000000, 4.5000000], [-2.5000000, 4.5000000], [-0.50000000, 4.5000000], [-0.50000000, 6.7000003], [-0.50000000, 8.9000006], [-0.50000000, 11.100000], [-0.50000000, 13.300000], [-0.50000000, 15.500000], [-2.8333333, 15.500000], [-5.1666665, 15.500000], [-7.5000000, 15.500000], [-7.5000000, 13.500000], [-7.5000000, 11.500000], [-8.5000000, 11.500000], [-8.5000000, 13.500000], [-8.5000000, 15.500000], [-10.833334, 15.500000], [-13.166667, 15.500000], [-15.500000, 15.500000], [-15.500001, 13.300000], [-15.500000, 11.100000], [-15.500000, 8.8999996], [-15.500000, 6.6999998], [-15.500000, 4.5000000], [-13.500000, 4.5000000], [-11.500000, 4.5000000], [-11.500000, 3.5000000], [-13.500000, 3.5000000], [-15.500000, 3.5000000], [-15.500001, 1.3000000], [-15.500000, -0.89999986], [-15.500000, -3.1000001], [-15.500000, -5.3000002], [-15.500000, -7.5000000], [-13.166666, -7.4999995], [-10.833334, -7.5000000], [-8.5000000, -7.5000000], [-8.5000000, -5.5000000], [-8.5000000, -3.5000000], [-6.0000000, -3.5000000], [-3.5000000, -3.5000000], [-3.5000000, -4.5000000], [-5.5000000, -4.5000000], [-7.5000000, -4.5000000], [-7.4999995, -6.8333330], [-7.5000000, -9.1666670], [-7.5000000, -11.500000], [-5.5000000, -11.500000], [-3.5000000, -11.500000], [-3.5000000, -12.500000], [-6.0000000, -12.500000], [-8.5000000, -12.500000], [-8.5000000, -10.500000], [-8.5000000, -8.5000000], [-10.833334, -8.5000000], [-13.166667, -8.5000000], [-15.500000, -8.5000000], [-15.500000, -10.833334], [-15.500000, -13.166667], [-15.500000, -15.500000], [-14.000000, -15.500000], [-12.500000, -15.500000], [-12.500000, -13.500000], [-12.500000, -11.500000], [-11.500000, -11.500000], [-11.500000, -13.500000], [-11.500000, -15.500000], [-9.3000002, -15.500001], [-7.0999999, -15.500000], [-4.9000001, -15.500000], [-2.7000000, -15.500000], [-0.50000000, -15.500000], [-0.50000000, -13.166666], [-0.50000000, -10.833334], [-0.50000000, -8.5000000], [-2.5000000, -8.5000000], [-4.5000000, -8.5000000], [-4.5000000, -7.5000000], [-2.5000000, -7.5000000], [-0.50000000, -7.5000000], [-0.50000000, -5.1666660], [-0.50000000, -2.8333330], [-0.50000000, -0.50000000], [-2.7000000, -0.50000000], [-4.9000001, -0.50000000], [-7.0999999, -0.50000000], [-9.3000002, -0.50000000], [-11.500000, -0.50000000], [-11.500000, -2.5000000], [-11.500000, -4.5000000], [-12.500000, -4.5000000], [-12.500000, -2.0000000], [-12.500000, 0.50000000], [-10.500000, 0.50000000], [-8.5000000, 0.50000000], [-8.5000000, 2.8333333], [-8.5000000, 5.1666665], [-8.5000000, 7.5000000], [-10.500000, 7.5000000], [-12.500000, 7.5000000], [-12.500000, 10.000000], [-12.500000, 12.500000], [-11.500000, 12.500000], [-11.500000, 10.500000], [-11.500000, 8.5000000], [-9.1666660, 8.5000000], [-6.8333330, 8.5000000], [-4.5000000, 8.5000000], [-4.5000000, 10.500000], [-4.5000000, 12.500000], [-3.5000000, 12.500000], [-3.5000000, 10.000000], [-3.5000000, 7.5000000], [-5.5000000, 7.5000000], [-7.5000000, 7.5000000], [-7.4999995, 5.1666660], [-7.5000000, 2.8333330], [-7.5000000, 0.50000000], [-5.0000000, 0.50000000], [-2.4999995, 0.50000000], [0.00000000, 0.50000000], [2.5000002, 0.50000000], [5.0000000, 0.50000000], [7.5000000, 0.50000000], [7.4999995, 2.8333333], [7.5000000, 5.1666665], [7.5000000, 7.5000000], [5.5000000, 7.5000000], [3.5000000, 7.5000000], [3.5000000, 10.000000], [3.5000000, 12.500000], [4.5000000, 12.500000], [4.5000000, 10.500000], [4.5000000, 8.5000000], [6.8333330, 8.5000000], [9.1666670, 8.5000000], [11.500000, 8.5000000], [11.500000, 10.500000], [11.500000, 12.500000], [12.500000, 12.500000], [12.500000, 10.000000], [12.500000, 7.5000000], [10.500000, 7.5000000], [8.5000000, 7.5000000], [8.5000000, 5.1666660], [8.5000000, 2.8333330], [8.5000000, 0.50000000], [10.500000, 0.50000000], [12.500000, 0.50000000], [12.500000, -2.0000000], [12.500000, -4.5000000], [11.500000, -4.5000000], [11.500000, -2.5000000], [11.500000, -0.50000000], [9.3000002, -0.50000000], [7.0999999, -0.50000000], [4.9000001, -0.50000000], [2.7000000, -0.50000000], [0.50000000, -0.50000000], [0.50000000, -2.8333333], [0.50000000, -5.1666665], [0.50000000, -7.5000000], [2.5000000, -7.5000000], [4.5000000, -7.5000000], [4.5000000, -8.5000000], [2.5000000, -8.5000000], [0.50000000, -8.5000000], [0.50000000, -10.833334], [0.50000000, -13.166667], [0.50000000, -15.500000], [2.7000000, -15.500001], [4.9000001, -15.500000], [7.0999999, -15.500000], [9.3000002, -15.500000], [11.500000, -15.500000], [11.500000, -13.500000], [11.500000, -11.500000], [12.500000, -11.500000], [12.500000, -13.500000], [12.500000, -15.500000], [14.000000, -15.500000], [15.500000, -15.500000], [15.500000, -13.166666], [15.500000, -10.833334], [15.500000, -8.5000000], [13.166666, -8.5000000], [10.833334, -8.5000000], [8.5000000, -8.5000000], [8.5000000, -10.500000], [8.5000000, -12.500000], [6.0000000, -12.500000], [3.5000000, -12.500000], [3.5000000, -11.500000], [5.5000000, -11.500000], [7.5000000, -11.500000], [7.4999995, -9.1666660], [7.5000000, -6.8333330], [7.5000000, -4.5000000], [5.5000000, -4.5000000], [3.5000000, -4.5000000], [3.5000000, -3.5000000], [6.0000000, -3.5000000], [8.5000000, -3.5000000], [8.5000000, -5.5000000], [8.5000000, -7.5000000], [10.833334, -7.4999995], [13.166667, -7.5000000], [15.500000, -7.5000000], [15.500001, -5.3000002], [15.500000, -3.0999999], [15.500000, -0.89999962], [15.500000, 1.3000001], [15.500000, 3.5000000], [13.500000, 3.5000000], [11.500000, 3.5000000], [11.500000, 4.5000000], [13.500000, 4.5000000], [15.500000, 4.5000000], [15.500001, 6.7000003], [15.500000, 8.9000006], [15.500000, 11.100000], [15.500000, 13.300000], [15.500000, 15.500000], [13.166666, 15.500000], [10.833334, 15.500000], [8.5000000, 15.500000], [8.5000000, 13.500000], [8.5000000, 11.500000]], [[13.500000, -14.500000], [13.500000, -12.500000], [13.500000, -10.500000], [12.000000, -10.500000], [10.500000, -10.500000], [10.500000, -12.500000], [10.500000, -14.500000], [8.2500000, -14.500000], [6.0000000, -14.500000], [3.7500000, -14.500000], [1.5000000, -14.500000], [1.5000000, -12.000000], [1.5000000, -9.5000000], [3.5000000, -9.5000000], [5.5000000, -9.5000000], [5.5000000, -8.0000000], [5.5000000, -6.5000000], [3.5000000, -6.5000000], [1.5000000, -6.5000000], [1.5000000, -4.0000000], [1.5000000, -1.5000000], [3.7500000, -1.5000000], [6.0000000, -1.5000000], [8.2500000, -1.5000000], [10.500000, -1.5000000], [10.500000, -3.5000000], [10.500000, -5.5000000], [12.000000, -5.5000000], [13.500000, -5.5000000], [13.499999, -3.1666665], [13.500000, -0.83333325], [13.500000, 1.5000000], [11.500000, 1.5000000], [9.5000000, 1.5000000], [9.5000000, 4.0000000], [9.5000000, 6.5000000], [11.500000, 6.5000000], [13.500000, 6.5000000], [13.499999, 8.8333330], [13.500000, 11.166666], [13.500000, 13.500000], [12.000000, 13.500000], [10.500000, 13.500000], [10.500000, 11.500000], [10.500000, 9.5000000], [8.0000000, 9.5000000], [5.5000000, 9.5000000], [5.5000000, 11.500000], [5.5000000, 13.500000], [4.0000000, 13.500000], [2.5000000, 13.500000], [2.5000000, 11.166666], [2.5000000, 8.8333330], [2.5000000, 6.5000000], [4.5000000, 6.5000000], [6.5000000, 6.5000000], [6.5000000, 4.0000000], [6.5000000, 1.5000000], [3.9000001, 1.5000000], [1.3000000, 1.5000000], [-1.3000002, 1.5000000], [-3.9000003, 1.5000000], [-6.5000000, 1.5000000], [-6.5000000, 4.0000000], [-6.5000000, 6.5000000], [-4.5000000, 6.5000000], [-2.5000000, 6.5000000], [-2.5000000, 8.8333330], [-2.5000000, 11.166666], [-2.5000000, 13.500000], [-4.0000000, 13.500000], [-5.5000000, 13.500000], [-5.5000000, 11.500000], [-5.5000000, 9.5000000], [-8.0000000, 9.5000000], [-10.500000, 9.5000000], [-10.500000, 11.500000], [-10.500000, 13.500000], [-12.000000, 13.500000], [-13.500000, 13.500000], [-13.499999, 11.166666], [-13.500000, 8.8333330], [-13.500000, 6.5000000], [-11.500000, 6.5000000], [-9.5000000, 6.5000000], [-9.5000000, 4.0000000], [-9.5000000, 1.5000000], [-11.500000, 1.5000000], [-13.500000, 1.5000000], [-13.499999, -0.83333343], [-13.500000, -3.1666667], [-13.500000, -5.5000000], [-12.000000, -5.5000000], [-10.500000, -5.5000000], [-10.500000, -3.5000000], [-10.500000, -1.5000000], [-8.2500000, -1.5000000], [-6.0000000, -1.5000000], [-3.7500000, -1.5000000], [-1.5000000, -1.5000000], [-1.5000000, -4.0000000], [-1.5000000, -6.5000000], [-3.5000000, -6.5000000], [-5.5000000, -6.5000000], [-5.5000000, -8.0000000], [-5.5000000, -9.5000000], [-3.5000000, -9.5000000], [-1.5000000, -9.5000000], [-1.5000000, -12.000000], [-1.5000000, -14.500000], [-3.7500000, -14.500000], [-6.0000000, -14.500000], [-8.2500000, -14.500000], [-10.500000, -14.500000], [-10.500000, -12.500000], [-10.500000, -10.500000], [-12.000000, -10.500000], [-13.500000, -10.500000], [-13.500000, -12.500000], [-13.500000, -14.500000], [-14.500000, -14.500000], [-14.500000, -12.000000], [-14.500000, -9.5000000], [-12.000000, -9.5000000], [-9.5000000, -9.5000000], [-9.5000000, -11.500000], [-9.5000000, -13.500000], [-7.1666665, -13.499999], [-4.8333330, -13.500000], [-2.5000000, -13.500000], [-2.5000000, -12.000000], [-2.5000000, -10.500000], [-4.5000000, -10.500000], [-6.5000000, -10.500000], [-6.5000000, -8.0000000], [-6.5000000, -5.5000000], [-4.5000000, -5.5000000], [-2.5000000, -5.5000000], [-2.5000000, -4.0000000], [-2.5000000, -2.5000000], [-4.8333330, -2.5000000], [-7.1666670, -2.5000000], [-9.5000000, -2.5000000], [-9.5000000, -4.5000000], [-9.5000000, -6.5000000], [-12.000000, -6.5000000], [-14.500000, -6.5000000], [-14.500000, -4.2500000], [-14.500000, -2.0000000], [-14.500000, 0.25000000], [-14.500000, 2.5000000], [-12.500000, 2.5000000], [-10.500000, 2.5000000], [-10.500000, 4.0000000], [-10.500000, 5.5000000], [-12.500000, 5.5000000], [-14.500000, 5.5000000], [-14.500000, 7.7500000], [-14.500000, 10.000000], [-14.500000, 12.250000], [-14.500000, 14.500000], [-12.000000, 14.500000], [-9.5000000, 14.500000], [-9.5000000, 12.500000], [-9.5000000, 10.500000], [-8.0000000, 10.500000], [-6.5000000, 10.500000], [-6.5000000, 12.500000], [-6.5000000, 14.500000], [-4.0000000, 14.500000], [-1.5000000, 14.500000], [-1.5000000, 12.250000], [-1.5000000, 10.000000], [-1.5000000, 7.7500000], [-1.5000000, 5.5000000], [-3.5000000, 5.5000000], [-5.5000000, 5.5000000], [-5.5000000, 4.0000000], [-5.5000000, 2.5000000], [-3.3000002, 2.5000000], [-1.1000001, 2.5000000], [1.1000004, 2.5000000], [3.3000002, 2.5000000], [5.5000000, 2.5000000], [5.5000000, 4.0000000], [5.5000000, 5.5000000], [3.5000000, 5.5000000], [1.5000000, 5.5000000], [1.5000000, 7.7500000], [1.5000000, 10.000000], [1.5000000, 12.250000], [1.5000000, 14.500000], [4.0000000, 14.500000], [6.5000000, 14.500000], [6.5000000, 12.500000], [6.5000000, 10.500000], [8.0000000, 10.500000], [9.5000000, 10.500000], [9.5000000, 12.500000], [9.5000000, 14.500000], [12.000000, 14.500000], [14.500000, 14.500000], [14.500000, 12.250000], [14.500000, 10.000000], [14.500000, 7.7500000], [14.500000, 5.5000000], [12.500000, 5.5000000], [10.500000, 5.5000000], [10.500000, 4.0000000], [10.500000, 2.5000000], [12.500000, 2.5000000], [14.500000, 2.5000000], [14.500000, 0.25000000], [14.500000, -2.0000000], [14.500000, -4.2500000], [14.500000, -6.5000000], [12.000000, -6.5000000], [9.5000000, -6.5000000], [9.5000000, -4.5000000], [9.5000000, -2.5000000], [7.1666665, -2.5000000], [4.8333330, -2.5000000], [2.5000000, -2.5000000], [2.5000000, -4.0000000], [2.5000000, -5.5000000], [4.5000000, -5.5000000], [6.5000000, -5.5000000], [6.5000000, -8.0000000], [6.5000000, -10.500000], [4.5000000, -10.500000], [2.5000000, -10.500000], [2.5000000, -12.000000], [2.5000000, -13.500000], [4.8333330, -13.499999], [7.1666670, -13.500000], [9.5000000, -13.500000], [9.5000000, -11.500000], [9.5000000, -9.5000000], [12.000000, -9.5000000], [14.500000, -9.5000000], [14.500000, -12.000000], [14.500000, -14.500000]]];
    inertiaMultiplier := 1.0000000;
    resources := [];
    timeToLive := +inf;
    textureClamped := [false, false];
    adhesion := 0.00000000;
    attractionType := 2;
    attraction := 0.00000000;
    texture := "";
    update := (e)=>{};
    controllerInvertX := false;
    controllerInvertY := false;
    showMomentum := false;
    vel := [0.00000000, 0.00000000];
    restitution := 0.50000000;
    onCollide := (e)=>{};
    killer := false;
    materialVelocity := 0.00000000;
    showForceArrows := false;
    controllerReverseXY := false;
    refractiveIndex := 1.5000000;
    textureMatrix := [1.0000000, 0.00000000, 0.00000000, 0.00000000, 1.0000000, 0.00000000, 0.00000000, 0.00000000, 1.0000000];
    immortal := false;
    area := 512.00000;
    collideSet := 1;
    drawBorder := false;
    reflectiveness := 1.0000000;
    friction := 0.50000000;
    entityID := 4255;
    velocityDamping := [0.00000000, 0.00000000, 0.00000000];
    onClick := (e)=>{};
    color := [0.53647500, 0.092133351, 0.54938978, 1.0000000];
    collideWater := true;
    onSpawn := (e)=>{};
    materialName := "";
    forceVertexDrawing := false;
    onHitByLaser := (e)=>{};
    pos := [16.529915, 15.500001];
    onDie := (e)=>{};
    density := 2.0000000;
    airFrictionMult := 1.0000000;
    controllerAcc := 11.000000;
    colorHSVA := [298.30536, 0.83229876, 0.54938978, 1.0000000];
    angvel := 0.00000000;
    heteroCollide := false;
    glued := false;
    onKey := (e)=>{};
    showVelocity := false;
    postStep := (e)=>{};
    opaqueBorders := true;
    geomID := 100836;
    body := 103008;
    edgeBlur := 0.00000000;
    angle := 0.00000000;
    zDepth := 1.0000000;
    layer := 0;
    polyMeshResolution := [128, 128]
};
Scene.addPolygon {
    surfaces := [[[3.5000000, -3.4999990], [4.5000000, -3.4999990], [5.5000000, -3.4999990], [6.5000000, -3.4999990], [7.5000000, -3.4999990], [7.5000000, -2.2777770], [7.5000000, -1.0555551], [7.4999995, 0.16666722], [7.5000000, 1.3888890], [7.5000000, 2.6111116], [7.5000000, 3.8333333], [7.5000000, 5.0555549], [7.5000000, 6.2777772], [7.5000000, 7.4999990], [6.3333335, 7.4999990], [5.1666660, 7.4999990], [4.0000000, 7.4999990], [2.8333330, 7.4999990], [1.6666667, 7.4999990], [0.50000000, 7.4999990], [0.50000000, 6.4999990], [0.50000000, 5.4999990], [0.50000000, 4.4999990], [0.50000000, 3.4999990], [-0.50000000, 3.4999990], [-0.50000000, 4.4999990], [-0.50000000, 5.4999990], [-0.50000000, 6.4999990], [-0.50000000, 7.4999990], [-1.6666666, 7.4999990], [-2.8333333, 7.4999990], [-4.0000000, 7.4999990], [-5.1666665, 7.4999990], [-6.3333335, 7.4999990], [-7.5000000, 7.4999990], [-7.5000000, 6.2777772], [-7.5000000, 5.0555549], [-7.4999995, 3.8333325], [-7.5000000, 2.6111114], [-7.5000000, 1.3888887], [-7.5000000, 0.16666675], [-7.5000000, -1.0555552], [-7.5000000, -2.2777770], [-7.5000000, -3.4999990], [-6.5000000, -3.4999990], [-5.5000000, -3.4999990], [-4.5000000, -3.4999990], [-3.5000000, -3.4999990], [-3.5000000, -4.4999990], [-4.5000000, -4.4999990], [-5.5000000, -4.4999990], [-6.5000000, -4.4999990], [-7.5000000, -4.4999990], [-7.4999995, -5.4999990], [-7.5000000, -6.4999990], [-7.5000000, -7.4999990], [-6.3333335, -7.4999990], [-5.1666660, -7.4999990], [-4.0000000, -7.4999990], [-2.8333330, -7.4999990], [-1.6666667, -7.4999990], [-0.50000000, -7.4999990], [-0.50000000, -6.3333321], [-0.50000000, -5.1666656], [-0.50000000, -3.9999990], [-0.50000000, -2.8333323], [-0.50000000, -1.6666658], [-0.50000000, -0.49999905], [-1.5000000, -0.49999905], [-2.5000000, -0.49999905], [-3.5000000, -0.49999905], [-4.5000000, -0.49999905], [-4.5000000, 0.75000048], [-4.5000000, 2.0000000], [-4.5000000, 3.2499995], [-4.5000000, 4.4999990], [-3.5000000, 4.4999990], [-3.5000000, 3.4999995], [-3.5000000, 2.5000000], [-3.5000000, 1.5000005], [-3.5000000, 0.50000095], [-2.3333330, 0.50000095], [-1.1666665, 0.50000095], [0.00000000, 0.50000095], [1.1666669, 0.50000095], [2.3333330, 0.50000095], [3.5000000, 0.50000095], [3.5000000, 1.5000005], [3.5000000, 2.5000000], [3.5000000, 3.4999995], [3.5000000, 4.4999990], [4.5000000, 4.4999990], [4.5000000, 3.2499995], [4.5000000, 2.0000000], [4.5000000, 0.75000048], [4.5000000, -0.49999905], [3.5000000, -0.49999905], [2.5000000, -0.49999905], [1.5000000, -0.49999905], [0.50000000, -0.49999905], [0.50000000, -1.6666658], [0.50000000, -2.8333325], [0.50000000, -3.9999990], [0.50000000, -5.1666660], [0.50000000, -6.3333321], [0.50000000, -7.4999990], [1.6666666, -7.4999990], [2.8333333, -7.4999990], [4.0000000, -7.4999990], [5.1666665, -7.4999990], [6.3333335, -7.4999990], [7.5000000, -7.4999990], [7.4999995, -6.4999990], [7.5000000, -5.4999990], [7.5000000, -4.4999990], [6.5000000, -4.4999990], [5.5000000, -4.4999990], [4.5000000, -4.4999990], [3.5000000, -4.4999990]], [[-6.5000000, -5.4999990], [-5.5000000, -5.4999990], [-4.5000000, -5.4999990], [-3.5000000, -5.4999990], [-2.5000000, -5.4999990], [-2.5000000, -4.4999990], [-2.5000000, -3.4999990], [-2.5000000, -2.4999990], [-3.5000000, -2.4999990], [-4.5000000, -2.4999990], [-5.5000000, -2.4999990], [-6.5000000, -2.4999990], [-6.5000000, -1.2142850], [-6.5000000, 0.071429014], [-6.5000000, 1.3571432], [-6.5000000, 2.6428573], [-6.5000000, 3.9285712], [-6.5000000, 5.2142849], [-6.5000000, 6.4999990], [-5.2500000, 6.4999990], [-4.0000000, 6.4999990], [-2.7500000, 6.4999990], [-1.5000000, 6.4999990], [-1.5000000, 5.4999990], [-1.5000000, 4.5000000], [-1.5000000, 3.5000005], [-1.5000000, 2.5000010], [-0.49999994, 2.5000010], [0.50000000, 2.5000010], [1.5000000, 2.5000010], [1.5000000, 3.5000005], [1.5000000, 4.5000000], [1.5000000, 5.4999990], [1.5000000, 6.4999990], [2.7500000, 6.4999990], [4.0000000, 6.4999990], [5.2500000, 6.4999990], [6.5000000, 6.4999990], [6.5000000, 5.2142849], [6.5000000, 3.9285712], [6.5000000, 2.6428566], [6.5000000, 1.3571427], [6.5000000, 0.071428776], [6.5000000, -1.2142851], [6.5000000, -2.4999990], [5.5000000, -2.4999990], [4.5000000, -2.4999990], [3.5000000, -2.4999990], [2.5000000, -2.4999990], [2.5000000, -3.4999990], [2.5000000, -4.4999990], [2.5000000, -5.4999990], [3.5000000, -5.4999990], [4.5000000, -5.4999990], [5.5000000, -5.4999990], [6.5000000, -5.4999990], [6.5000000, -6.4999990], [5.2500000, -6.4999990], [4.0000000, -6.4999990], [2.7500000, -6.4999990], [1.5000000, -6.4999990], [1.5000000, -5.2499990], [1.5000000, -3.9999990], [1.5000000, -2.7499990], [1.5000000, -1.4999990], [2.5000000, -1.4999990], [3.5000000, -1.4999990], [4.5000000, -1.4999990], [5.5000000, -1.4999990], [5.4999995, -0.33333266], [5.5000000, 0.83333373], [5.5000000, 2.0000000], [5.5000000, 3.1666665], [5.5000000, 4.3333325], [5.5000000, 5.4999990], [4.5000000, 5.4999990], [3.5000000, 5.4999990], [2.5000000, 5.4999990], [2.5000000, 4.4999990], [2.5000000, 3.5000000], [2.5000000, 2.5000005], [2.5000000, 1.5000010], [1.2500000, 1.5000010], [0.00000000, 1.5000010], [-1.2500000, 1.5000010], [-2.5000000, 1.5000010], [-2.5000000, 2.5000005], [-2.5000000, 3.5000000], [-2.5000000, 4.4999990], [-2.5000000, 5.4999990], [-3.5000000, 5.4999990], [-4.5000000, 5.4999990], [-5.5000000, 5.4999990], [-5.4999995, 4.3333325], [-5.5000000, 3.1666660], [-5.5000000, 2.0000000], [-5.5000000, 0.83333349], [-5.5000000, -0.33333254], [-5.5000000, -1.4999990], [-4.5000000, -1.4999990], [-3.5000000, -1.4999990], [-2.5000000, -1.4999990], [-1.5000000, -1.4999990], [-1.5000000, -2.7499990], [-1.5000000, -3.9999990], [-1.5000000, -5.2499990], [-1.5000000, -6.4999990], [-2.7500000, -6.4999990], [-4.0000000, -6.4999990], [-5.2500000, -6.4999990], [-6.5000000, -6.4999990]]];
    inertiaMultiplier := 1.0000000;
    resources := [];
    timeToLive := +inf;
    textureClamped := [false, false];
    adhesion := 0.00000000;
    attractionType := 2;
    attraction := 0.00000000;
    texture := "";
    update := (e)=>{};
    controllerInvertX := false;
    controllerInvertY := false;
    showMomentum := false;
    vel := [0.00000000, 0.00000000];
    restitution := 0.50000000;
    onCollide := (e)=>{};
    killer := false;
    materialVelocity := 0.00000000;
    showForceArrows := false;
    controllerReverseXY := false;
    refractiveIndex := 1.5000000;
    textureMatrix := [1.0000000, 0.00000000, 0.00000000, 0.00000000, 1.0000000, 0.00000000, 0.00000000, 0.00000000, 1.0000000];
    immortal := false;
    area := 127.99998;
    collideSet := 1;
    drawBorder := false;
    reflectiveness := 1.0000000;
    friction := 0.50000000;
    entityID := 4256;
    velocityDamping := [0.00000000, 0.00000000, 0.00000000];
    onClick := (e)=>{};
    color := [0.24127568, 0.70498437, 0.41264409, 1.0000000];
    collideWater := true;
    onSpawn := (e)=>{};
    materialName := "";
    forceVertexDrawing := false;
    onHitByLaser := (e)=>{};
    pos := [-7.5000005, 7.4999990];
    onDie := (e)=>{};
    density := 2.0000000;
    airFrictionMult := 1.0000000;
    controllerAcc := 11.000000;
    colorHSVA := [142.17363, 0.65775740, 0.70498437, 1.0000000];
    angvel := 0.00000000;
    heteroCollide := false;
    glued := false;
    onKey := (e)=>{};
    showVelocity := false;
    postStep := (e)=>{};
    opaqueBorders := true;
    geomID := 100837;
    body := 103010;
    edgeBlur := 0.00000000;
    angle := 0.00000000;
    zDepth := 2.0000000;
    layer := 0;
    polyMeshResolution := [128, 128]
};
Scene.addPolygon {
    surfaces := [[[-0.50000000, -3.5000000], [-0.50000000, -2.9285715], [-0.50000000, -2.3571429], [-0.50000000, -1.7857141], [-0.50000000, -1.2142856], [-0.50000000, -0.64285707], [-0.50000000, -0.071428537], [-0.50000000, 0.50000000], [0.00000000, 0.50000000], [0.50000000, 0.50000000], [0.50000000, -0.071428567], [0.50000000, -0.64285713], [0.50000000, -1.2142857], [0.50000000, -1.7857143], [0.50000000, -2.3571429], [0.50000000, -2.9285715], [0.50000000, -3.5000000], [1.1000000, -3.5000000], [1.7000000, -3.5000000], [2.3000002, -3.5000000], [2.8999999, -3.5000000], [3.5000000, -3.5000000], [3.5000002, -2.9166667], [3.5000000, -2.3333330], [3.5000000, -1.7500000], [3.5000000, -1.1666665], [3.5000000, -0.58333349], [3.5000000, 0.00000000], [3.5000000, 0.58333313], [3.5000000, 1.1666669], [3.5000000, 1.7500000], [3.5000000, 2.3333330], [3.5000000, 2.9166670], [3.5000000, 3.5000000], [2.9166667, 3.5000002], [2.3333330, 3.5000000], [1.7500000, 3.5000000], [1.1666665, 3.5000000], [0.58333349, 3.5000000], [0.00000000, 3.5000000], [-0.58333313, 3.5000000], [-1.1666669, 3.5000000], [-1.7500000, 3.5000000], [-2.3333330, 3.5000000], [-2.9166670, 3.5000000], [-3.5000000, 3.5000000], [-3.5000002, 2.9166667], [-3.5000000, 2.3333330], [-3.5000000, 1.7500000], [-3.5000000, 1.1666665], [-3.5000000, 0.58333349], [-3.5000000, 0.00000000], [-3.5000000, -0.58333313], [-3.5000000, -1.1666669], [-3.5000000, -1.7500000], [-3.5000000, -2.3333330], [-3.5000000, -2.9166670], [-3.5000000, -3.5000000], [-2.8999999, -3.5000000], [-2.3000002, -3.5000000], [-1.6999998, -3.5000000], [-1.0999999, -3.5000000]], [[1.5000000, 1.5000000], [0.90000004, 1.5000000], [0.30000001, 1.5000000], [-0.30000007, 1.5000000], [-0.90000010, 1.5000000], [-1.5000000, 1.5000000], [-1.5000000, 0.92857140], [-1.5000000, 0.35714281], [-1.5000000, -0.21428573], [-1.5000000, -0.78571439], [-1.5000000, -1.3571429], [-1.5000000, -1.9285713], [-1.5000000, -2.5000000], [-2.0000000, -2.5000000], [-2.5000000, -2.5000000], [-2.5000000, -1.9444445], [-2.5000000, -1.3888888], [-2.5000000, -0.83333313], [-2.5000000, -0.27777779], [-2.5000000, 0.27777791], [-2.5000000, 0.83333349], [-2.5000000, 1.3888888], [-2.5000000, 1.9444445], [-2.5000000, 2.5000000], [-1.9444445, 2.5000000], [-1.3888888, 2.5000000], [-0.83333313, 2.5000000], [-0.27777779, 2.5000000], [0.27777791, 2.5000000], [0.83333349, 2.5000000], [1.3888888, 2.5000000], [1.9444445, 2.5000000], [2.5000000, 2.5000000], [2.5000000, 1.9444445], [2.5000000, 1.3888888], [2.5000000, 0.83333313], [2.5000000, 0.27777779], [2.5000000, -0.27777791], [2.5000000, -0.83333349], [2.5000000, -1.3888888], [2.5000000, -1.9444445], [2.5000000, -2.5000000], [2.0000000, -2.5000000], [1.5000000, -2.5000000], [1.5000000, -1.9285713], [1.5000000, -1.3571429], [1.5000000, -0.78571421], [1.5000000, -0.21428561], [1.5000000, 0.35714287], [1.5000000, 0.92857146]]];
    inertiaMultiplier := 1.0000000;
    resources := [];
    timeToLive := +inf;
    textureClamped := [false, false];
    adhesion := 0.00000000;
    attractionType := 2;
    attraction := 0.00000000;
    texture := "";
    update := (e)=>{};
    controllerInvertX := false;
    controllerInvertY := false;
    showMomentum := false;
    vel := [0.00000000, 0.00000000];
    restitution := 0.50000000;
    onCollide := (e)=>{};
    killer := false;
    materialVelocity := 0.00000000;
    showForceArrows := false;
    controllerReverseXY := false;
    refractiveIndex := 1.5000000;
    textureMatrix := [1.0000000, 0.00000000, 0.00000000, 0.00000000, 1.0000000, 0.00000000, 0.00000000, 0.00000000, 1.0000000];
    immortal := false;
    area := 32.000000;
    collideSet := 1;
    drawBorder := false;
    reflectiveness := 1.0000000;
    friction := 0.50000000;
    entityID := 4257;
    velocityDamping := [0.00000000, 0.00000000, 0.00000000];
    onClick := (e)=>{};
    color := [0.56272334, 0.17450525, 0.30120748, 1.0000000];
    collideWater := true;
    onSpawn := (e)=>{};
    materialName := "";
    forceVertexDrawing := false;
    onHitByLaser := (e)=>{};
    pos := [-19.500000, 3.5000000];
    onDie := (e)=>{};
    density := 2.0000000;
    airFrictionMult := 1.0000000;
    controllerAcc := 11.000000;
    colorHSVA := [340.41788, 0.68989158, 0.56272334, 1.0000000];
    angvel := 0.00000000;
    heteroCollide := false;
    glued := false;
    onKey := (e)=>{};
    showVelocity := false;
    postStep := (e)=>{};
    opaqueBorders := true;
    geomID := 100838;
    body := 103012;
    edgeBlur := 0.00000000;
    angle := 0.00000000;
    zDepth := 3.0000000;
    layer := 0;
    polyMeshResolution := [128, 128]
}
